560184
560169
560168
560164
560163
560162
560161
560142
560141
560127
560123
560106
560105
560090
560089
560070
560067
560066
560049
560034
560033
560031
560012
559987
559970
559969
559968
559966
559933
559920
559919
559917
559903
559902
559901
559856
559843
559830
559828
559827
559804
559803
559802
559784
559783
559782
559781
559762
559749
559731
559713
559681
559680
559679
559674
559672
559661
559632
559631
559617
559616
559615
559614
559613
559596
559595
559575
559574
559561
559545
559544