567592
567576
567572
567570
567569
567568
567567
567551
567549
567548
567547
567546
567534
567449
567445
567444
567443
567426
567408
567396
567379
567378
567375
567374
567356
567355
567352
567351
567338
567326
567325
567324
567284
567272
567271
567270
567269
567241
567227
567226
567213
567199
567186
567174
567160
567149
567148
567147
567136
567122
567121
567109
567078
567063
567050
567040
567039
567023
567017
567014
567006
567005
566995
566980
566947
566935
566921
566907
566906
566905
566893
566871
566859
566848
566739
566728
566717
566715
566714
566699
566698
566697
566696
566672
566657
566656
566653
566642
566641
566639
566611
566598
566579
566568
566551
566535
566524
566511
566507
566493
566480
566479
566468
566450
